11617.12109375
11554.416015625
11437.5576171875
11216.0546875
10840.484375
10230.4765625
9276.5390625
7856.36962890625
5958.72802734375
3743.8212890625
1715.5213623046875
502.1543884277344
222.82728576660156
218.71812438964844
183.40228271484375
169.29446411132812
158.1310272216797
146.2135467529297
135.63275146484375
126.10807037353516
117.35386657714844
110.96814727783203
103.19387817382812
97.24146270751953
91.74606323242188
86.66102600097656
82.41543579101562
78.7067642211914
75.60026550292969
72.4937973022461
69.21781921386719
66.85999298095703
64.66474914550781
62.78535461425781
61.39033889770508
59.32627487182617
57.7995719909668
56.347511291503906
54.954986572265625
53.77395248413086
52.600433349609375
51.515647888183594
50.647300720214844
49.667335510253906
48.89937210083008
48.173919677734375
47.71757125854492
46.864986419677734
46.11675262451172
45.64554214477539
45.05720520019531
44.51612091064453
43.91721725463867
43.5631217956543
42.99373245239258
42.452396392822266
42.02035903930664
41.837337493896484
41.25373840332031
40.76976013183594
40.38812255859375
40.04609298706055
39.46383285522461
38.970977783203125
38.83998107910156
38.11857986450195
38.0909538269043
37.49147415161133
37.423648834228516
36.724788665771484
36.34717559814453
35.9925422668457
35.516841888427734
35.16666793823242
34.766319274902344
34.4477424621582
34.12443161010742
33.817020416259766
33.396705627441406
33.03519821166992
32.42255401611328
32.24870300292969
31.768705368041992
31.432573318481445
31.055198669433594
30.674739837646484
30.434728622436523
29.947500228881836
29.5152587890625
29.14086151123047
28.86246109008789
28.418792724609375
28.18863868713379
27.86265754699707
27.343948364257812
27.09915542602539
26.84296417236328
26.309589385986328
26.070331573486328
25.855060577392578
25.238937377929688
25.194047927856445
24.722366333007812
24.780052185058594
23.834646224975586
23.57660675048828
23.230178833007812
22.84393882751465
22.465421676635742
22.236862182617188
21.902936935424805
21.58588981628418
21.23166847229004
21.06526756286621
20.895994186401367
20.435302734375
20.03178596496582
19.706317901611328
19.364952087402344
19.066303253173828
18.652313232421875
18.39426612854004
18.173255920410156
17.910554885864258
17.461538314819336
17.190866470336914
16.963214874267578
16.67656898498535
16.414955139160156
16.09134864807129
15.778550148010254
15.432498931884766
15.177786827087402
14.965335845947266
14.563980102539062
14.593287467956543
14.195472717285156
13.792369842529297
13.622363090515137
13.29836368560791
13.087733268737793
12.771658897399902
12.627102851867676
12.25104808807373
12.015085220336914
11.78366756439209
11.437142372131348
11.355655670166016
10.956535339355469
10.816715240478516
10.546107292175293
10.509587287902832
10.38280200958252
9.8658447265625
9.560101509094238
9.361677169799805
9.11245059967041
8.9154691696167
8.670954704284668
8.538169860839844
8.365628242492676
8.07493782043457
7.919330596923828
7.692074775695801
7.59149694442749
7.386997222900391
7.139377593994141
6.981874465942383
6.80214262008667
6.656886100769043
6.501944541931152
6.354442596435547
6.192561626434326
6.033881187438965
5.977151870727539
5.826054096221924
5.552550315856934
5.477471351623535
5.253477096557617
5.227653980255127
4.991288185119629
4.7902679443359375
4.6868391036987305
4.573019981384277
4.4487128257751465
4.324128150939941
4.223743915557861
4.182704925537109
4.06488037109375
3.9682140350341797
3.783787965774536
3.6799817085266113
3.5613908767700195
3.484882116317749
3.471477508544922
3.282442808151245
3.25555157661438
3.1540045738220215
3.127206325531006
3.040318250656128
2.9085397720336914
2.800352096557617
2.7154858112335205
2.675062417984009
2.6026811599731445
2.533643960952759
2.5541818141937256
2.445107936859131
2.3491716384887695
2.31610107421875
2.240410327911377
2.1970109939575195
2.124180555343628
2.0831923484802246
2.0469706058502197
2.065977096557617
1.9755606651306152
1.9163711071014404
1.87937331199646
1.9138145446777344
1.8354541063308716
1.7590810060501099
1.7575145959854126
1.6798526048660278
1.6629725694656372
1.64313805103302
1.6414381265640259
1.5882289409637451
1.6592094898223877
1.5679885149002075
1.498443365097046
1.4799854755401611
1.503637433052063
1.4851759672164917
1.4402875900268555
1.4047706127166748
1.388688564300537
1.3919237852096558
1.3838156461715698
1.3263064622879028
1.312396764755249
1.2973912954330444
1.2952015399932861
1.3230175971984863
1.3063517808914185
1.286750078201294
1.2872117757797241
1.2709429264068604
1.2168678045272827
1.2609587907791138
1.2351436614990234
1.1932027339935303
1.1997036933898926
1.2163342237472534
1.177026629447937
1.2106201648712158
1.1958850622177124
1.1394579410552979
1.1752558946609497
1.1857364177703857
1.1421303749084473
1.1577450037002563
1.1461306810379028
1.1873373985290527
1.1648086309432983
1.1636334657669067
1.1022282838821411
1.1176300048828125
1.0903234481811523
1.069301962852478
1.0686168670654297
1.093976378440857
1.0551494359970093
1.0748463869094849
1.0839431285858154
1.0510892868041992
1.0759891271591187
1.121587872505188
1.0366650819778442
1.0715439319610596
1.0564417839050293
1.06911039352417
1.01619553565979
1.007136344909668
1.0344862937927246
1.006144404411316
1.0273253917694092
1.0119037628173828
0.9961273670196533
0.9972741603851318
1.0124610662460327
1.1013514995574951
1.0576257705688477
1.016916036605835
1.0123827457427979
1.0188440084457397
0.995418131351471
0.9832401871681213
0.9795480966567993
0.9699467420578003
0.9713158011436462
1.0618672370910645
0.9693331122398376
0.9527198076248169
0.9773199558258057
1.0082656145095825
0.9920085072517395
0.9564242362976074
0.9544294476509094
0.9385966062545776
0.9529761672019958
0.9358267188072205
0.9581483006477356
0.9416674375534058
0.9414687752723694
0.9406833052635193
0.9857701659202576
0.9480459094047546
0.9236040711402893
0.9788606762886047
1.0505315065383911
0.9589905142784119
0.9346792697906494
0.9125528335571289
0.9231098294258118
0.9135429263114929
0.8967506289482117
0.8979581594467163
0.889207124710083
0.900602400302887
0.8994845151901245
0.901482105255127
0.9116659760475159
0.8845292925834656
0.9023216962814331
0.8992233872413635
0.8865585923194885
0.8774381279945374
0.8716535568237305
0.8982609510421753
0.8778325915336609
0.8687852025032043
0.9052179455757141
0.878643274307251
0.8630760908126831
0.8653921484947205
0.864590048789978
0.8968237638473511
0.8748229742050171
0.8716089129447937
0.9145604372024536
0.8563776612281799
0.8978172540664673
0.8690887689590454
0.843120813369751
0.8658653497695923
0.855972170829773
0.8313289880752563
0.8431124091148376
0.9240128993988037
0.8553069233894348
0.8386660814285278
0.8277045488357544
0.8380180597305298
0.8180556297302246
0.8547735810279846
0.8544313311576843
0.8309680819511414
0.8214146494865417
0.8208044171333313
0.8253673315048218
0.8357281684875488
0.8552674055099487
0.8508159518241882
0.8097689151763916
0.9168311953544617
0.8422642350196838
0.8183866143226624
0.8145899772644043
0.8073675036430359
0.8084339499473572
0.8384202718734741
0.8445733189582825
0.8357730507850647
0.8164352774620056
0.8298196196556091
0.7963035106658936
0.7989046573638916
0.7833175659179688
0.8834535479545593
0.8135688900947571
0.8007464408874512
0.8678467869758606
0.7957474589347839
0.7941694259643555
0.7984547019004822
0.7798851132392883
0.8358787894248962
0.8295128345489502
0.8030803203582764
